test
504 803 667 1103 834 585 811 856 690 832 846 813 868 793 825 1002 860 615 540 797 616 660 707 866 647 746 1006 608 877 900 573 788 484 853 942 630 591 630 640 1169 932 1034 957 798 669 625 467 1051 552 717 654 388 559 555 1104 783 959 668 507 855 986 831 821 825 868 852 832 828 799 686 510 671 575 740 510 675 996 636 826 1022 1140 654 909 799 1162 653 814 625 599 476 767 954 906 904 649 873 565 853 1008 632 
653 717 540 803 690 510 799 507 826 388 476 654 608 788 649 821 615 811 669 866 667 510 906 467 625 740 798 640 852 591 877 834 484 504 746 654 832 660 831 552 565 575 959 846 814 900 632 686 825 668 868 675 630 856 555 996 1006 942 647 559 825 828 1008 636 616 799 630 868 625 573 873 860 599 585 1002 797 954 832 793 904 1034 1103 909 813 783 707 1022 671 853 767 853 1162 957 932 855 1169 1140 1051 1104 986 

20956Ordo_dynamique
504 803 667 1103 834 585 811 856 690 832 846 813 868 793 825 1002 860 615 540 797 616 660 707 866 647 746 1006 608 877 900 573 788 484 853 942 630 591 630 640 1169 932 1034 957 798 669 625 467 1051 552 717 654 388 559 555 1104 783 959 668 507 855 986 831 821 825 868 852 832 828 799 686 510 671 575 740 510 675 996 636 826 1022 1140 654 909 799 1162 653 814 625 599 476 767 954 906 904 649 873 565 853 1008 632 
717 476 906 803 799 932 740 834 788 636 640 615 798 675 504 954 811 660 630 799 510 832 653 877 575 852 510 669 826 654 625 690 668 814 821 831 467 630 868 1103 942 856 797 388 507 873 957 900 860 746 573 1006 555 616 846 1034 832 783 866 591 632 1104 828 1002 484 813 1051 686 1162 959 1008 825 904 1022 1169 667 909 868 649 986 1140 996 853 825 540 585 608 654 853 793 855 599 559 552 707 625 767 671 647 565 

21021

